1475926
1475863
1475356
1476660
1475626
1476101
1476282
1476847
1476059
1476842
1476416
1477421
1477130
1474983
1475537
1476390
1476150
1476505
1477327
1475483
1475412
1477427
1475624
1475255
1477379
1476463
1476079
1475667
1474027
1475855
1476814
1477262
1476267
1474767
1476651
1477905
1477069
1474706
1477516
1477097
1477104
1476927
1476444
1476168
1477141
1477389
1474589
1476793
1476430
1476380
1475410
1475100
1476143
1476383
1475765
1476992
1475620
1476236
1476724
1475134
1477076
1476368
1474864
1475767
1476308
1475278
1475619
1475763
1475769
1476579
1476102
1475212
1475573
1475384
1474831
1475504
1475027
1475913
1475041
1474833
1476247
1475651
1476299
1477291
1477164
1475516
1475922
1475747
1476664
1475737
1476736
1475985
1477133
1475447
1475522
1476140
1475222
1476913
1474415
1477698
1475565
1475977
1475314
1475903
1475540
1475976
1476119
1476391
1476997
1475726
1476545
1477177
1475983
1477567
1476506
1476088
1475825
1476606
1476506
1475925
1476505
1475560
1476202
1476559
1475346
1475806
1473424
1474814
1476573
1476446
1475672
1476380
1476428
1476825
1477543
1475743
1475931
1477101
1475508
1476751
1476019
1475405
1477260
1476619
1477020
1476239
1477169
1475652
1474884
1477445
1475484
1476042
1474734
1477365
1475451
1477086
1475562
1475890
1476605
1476876
1476239
1475834
1477391
1475795
1476589
1476787
1476680
1477425
1475884
1477098
1475361
1475209
1476497
1475523
1476996
1477930
1475991
1476062
1476347
1476577
1475571
1474996
1474820
1476528
1476577
1475969
1475016
1477524
1477502
1475442
1475406
1476574
1475329
1476167
1476629
1477827
1476969
1475761
1477156
1475986
1474539
1477733
1476769
1477460
1476079
1474565
1476412
1476258
1474627
1475888
1477097
1476510
1475848
1476490
1476277
1475796
1475915
1475312
1475387
1476951
1476924
1476907
1477918
1477444
1477367
1477422
1476257
1477555
1476588
1476948
1475876
1473973
1475704
1476751
1475547
1475953
1475922
1475738
1475254
1473552
1476841
1477025
1475466
1475334
1476342
1475872
1476448
1476529
1475939
1476227
1475610
1475947
1477090
1476699
1474564
1475911
1475879
1476297
1476495
1475144
1474915
1476785
1475162
1475314
1474691
1476068
1475865
1475244
1475283
1476275
1476573
1476621
1475453
1476738
1477402
1475415
1474140
1476881
1476190
1476374
1475310
1476731
1476092
1476034
1476000
1476505
1476134
1475051
1477516
1474575
1477021
1476932
1475123
1477526
1475092
1475788
1476690
1475613
1476471
1476389
1475197
1476154
1475244
1476101
1475476
1475757
1475515
1476208
1476318
1477160
1475016
1475638
1476159
1476688
1476511
1477254
1475538
1475599
1476857
1476403
1477690
1476700
1476165
1472440
1474893
1476134
1477856
1476548
1475046
1477445
1476973
1478515
1475987
1477018
1475720
1477365
1476607
1474908
1475570
1475444
1475870
1474615
1477560
1477220
1475589
1476257
1475033
1475299
1475557
1476164
1475257
1475775
1477097
1477043
1476047
1476951
1476841
1475659
1475946
1477155
1477397
1476260
1477033
1476066
1477007
1477348
1476832
1477564
1476284
1476444
1475775
1475882
1476480
1475991
1476288
1476317
1475345
1477109
1475580
1476485
1475308
1476808
1476194
1474782
1477166
1475110
1478637
1477725
1476802
1476286
1475148
1477209
1476205
1477365
1476581
1477435
1476149
1476236
1476471
1476121
1475624
1476267
1477243
1476732
1475752
1475396
1477237
1475614
1475312
1478032
1476173
1474962
1474976
1475558
1476717
1474707
1475039
1475109
1476056
1475692
1476965
1475252
1476136
1475541
1477172
1475701
1476333
1477158
1476819
1475699
1476227
1476057
1476288
1477178
1476379
1476786
1476855
1475078
1477184
1476121
1475781
1477436
1476932
1476199
1476521
1477513
1474838
1477310
1477408
1476579
1474636
1477169
1475133
1475821
1477821
1476954
1475977
1475805
1476340
1475019
1475889
1476180
1477188
1476057
1476536
1476926
1475738
1474319
1476043
1474480
1475551
1476171
1475682
1474761
1476092
1477109
1476017
1476851
1474862
1474819
1476876
1475977
1473790
1476101
1475576
1475587
1477828
1476593
1475440
1476344
1476885
1475405
1475879
1474894
1479134
1476813
1475633
1476100
1475018
1476948
1476656
1477169
1476961
1476963
1477788
1475849
1474642
1475985
1476066
1475729
1476359
1475140
1476088
1476562
1475638
1476973
1475532
1475624
1475993
1476534
1477314
1477582
1476180
1475463
1477127
1476247
1476828
1476566
1476115
1475475
1475948
1475397
1476260
1475410
1476567
1476472
1474164
1475563
1477286
1476013
1476117
1477329
1475985
1475882
1474920
1476225
1475698
1476664
1476644
1477233
1477682
1475950
1476894
1476092
1477221
1476423
1476590
1477552
1476474
1475159
1476118
1475327
1476150
1475261
1474623
1476674
1476176
1477584
1474709
1476641
1476845
1476079
1477479
1476789
1475474
1476750
1474960
1476270
1475957
1474019
1476311
1475251
1475786
1475861
1477623
1477323
1476702
1476424
1477110
1477585
1474894
1477434
1475281
1476352
1476236
1474961
1475888
1476127
1474056
1476794
1474975
1476980
1476484
1476447
1476584
1477221
1476402
1475705
1476467
1477468
1475691
1476887
1476091
1476011
1476389
1474964
1473808
1476723
1475381
1477551
1475574
1475489
1475883
1475990
1475773
1475253
1475281
1475864
1476297
1475714
1476564
1474630
1475725
1476230
1475134
1475922
1476885
1475153
1475548
1477064
1476475
1476350
1475017
1475139
1476507
1476387
1475324
1476636
1475760
1476146
1477520
1475792
1475915
1475706
1475342
1476615
1476741
1476006
1475995
1475570
1476015
1475469
1476591
1475076
1477004
1475482
1477522
1476183
1474903
1477320
1477607
1475584
1475464
1476066
1474388
1476205
1476130
1476437
1475887
1476443
1475154
1475823
1477117
1474816
1476201
1475070
1474891
1475960
1476970
1476475
1476074
1478159
1476503
1475315
1477663
1476417
1476030
1475757
1477755
1475613
1476461
1475297
1475612
1476583
1475771
1474697
1476252
1474847
1475440
1477557
1475855
1476112
1476634
1476492
1476617
1476224
1473800
1476641
1476635
1475585
1476464
1476715
1476202
1475589
1475044
1476323
1476860
1477463
1478010
1476476
1476323
1476087
1476357
1476697
1475559
1476788
1477401
1474715
1474852
1477566
1477024
1477452
1478149
1474695
1476838
1474939
1476406
1477083
1476062
1476283
1476628
1475248
1474457
1474842
1476857
1476026
1477553
1475280
1476045
1475253
1476253
1473964
1475643
1476557
1477835
1476080
1475790
1474107
1474989
1475687
1478010
1476370
1475728
1477146
1476768
1478291
1476986
1476774
1476703
1476966
1476662
1476453
1475791
1474880
1476781
1476531
1476655
1477348
1476872
1475873
1475204
1475650
1476234
1475873
1474567
1476055
1477005
1476988
1475931
1475004
1474614
1476281
1477765
1476124
1475718
1475610
1475967
1474143
1476666
1476957
1476096
1475832
1476039
1476283
1475876
1477917
1476971
1477473
1475607
1474947
1474949
1477075
1476155
1474991
1476979
1476603
1475953
1476749
1474938
1476081
1475342
1475922
1476171
1475208
1475913
1475342
1477874
1476892
1475918
1475961
1475998
1474825
1477309
1476671
1475673
1476711
1475991
1477304
1475823
1476163
1476218
1475398
1475998
1476223
1475902
1475112
1474346
1474585
1476102
1475472
1475527
1475050
1476832
1476444
1477587
1476754
1475749
1477183
1476390
1475998
1476473
1476366
1475402
1475805
1477076
1475889
1476562
1475039
1476297
1475994
1474589
1474501
1476845
1477163
1476240
1476147
1476932
1476068
1476503
1475559
1476021
1476012
1477226
1475825
1475472
1476311
1475190
1475547
1476519
1475678
1475570
1476037
1475622
1476766
1476100
1476181
1477128
1475757
1478414
1474610
1478166
1475579
1476659
1475340
1476480
1478083
1475880
1475828
1475249
1476608
1478469
1474662
1475692
1475230
1474937
1476123
1476560
1475553
1476488
1477113
1475372
1476652
1476068
1477762
1475810
1475244
1476139
1476365
1476549
1474342
1476073
1474933
1476152
1475794
1475445
1476189
1476553
1477406
1475153
1476610
1474962
1474452
1475706
1475676
1476632
1476707
1476004
1476713
1477057
1477459
1476508
1476796
1476865
1476942
1475587
1476728
1477666
1475446
1477679
1474870
1476183
1476703
1475752
1476154
1475041
1476457
1474742
1475224
1475218
1477068
1475828
1475416
1476500
1476707
1476884
1476308
1473938
1476380
1477584
1477880
1474960
1478088
1476690
1475717
1476258
1476472
1474231
1476209
1477573
1475042
1475763
1476132
1476064
1475140
1476580
1476017
1477491
1476668
1475659
1476295
1475049
1475811
1477004
1475815
1476102
1476678
1476359
1475762
1475607
1476681
1476311
1477781
1475860
1476860
1478303
1475173
1475731
1475961
1476773
1474922
1475379
1475542
1477494
1477004
1476059
1477453
1477278
1474366
1476191
1476790
1476550
1477284
1476278
1475565
1476039
1475735
1474843
1477179
1476509
1476705
1474789
1476969
1475951
1476115
1476264
1476169
1476702
1474608
1477333
1475731
1477186
1475393
1476645
1476298
1478813
1475796
1474988
1474687
1476482
1476369
1475525
1476524
1476568
1477020
1477168
1476597
1476173
1475885
1476125
1476326
1476012
1476501
1476320
1476163
1475269
1475505
1475918
1476862
1475809
1474934
1473944
1475376
1476614
1476810
1475353
1474178
1476040
1477423
1475806
1475673
1475694
1475126
1474642
1476246
1476565
1476379
1476591
1476766
1476917
1475643
1476032
1475736
1475933
1476685
1476729
1476941
1477147
1477326
1475421
1476846
1477921
1476382
1474726
1475171
1475909
1477150
1475510
1475708
1477088
1476957
1476008
1476682
1476030
1476441
1477025
1476257
1474365
1474484
1476342
1476710
1475873
1475572
1476081
1476409
1476031
1476390
1476560
1475795
1475824
1476476
1476698
1474088
1474971
1476912
1475438
1475859
1475640
1476006
1475984
1476653
1479259
1476209
1476473
1476699
1475078
1475568
1476125
1475891
1475523
1474935
1474625
1476135
1476302
1476703
1476683
1475598
1476233
1476908
1477058
1477699
1478269
1477598
1475943
1475094
1474948
1475744
1476586
1476583
1475962
1476549
1476230
1476454
1476469
1475148
1475318
1475085
1476897
1476375
1476075
1475044
1475418
1473903
1477694
1474595
1476306
1477817
1475871
1474870
1474761
1475024
1475498
1475615
1476223
1477113
1476579
1476929
1474474
1474572
1475935
1474841
1476204
1477085
1477068
1475958
1477854
1476256
1474876
1474695
1474949
1475811
1477441
1476975
1476384
1474394
1476356
1476617
1476397
1476073
1476016
1476280
1477342
1474969
1476431
1477507
1476557
1475879
1476851
1476024
1477741
1473947
1477313
1476755
1474588
1477118
1476068
1476320
1475617
1474972
1477790
1475308
1476307
1477286
1476373
1475185
1475774
1475445
1475598
1475353
1476840
1476043
1475312
1476895
1476380
1477281
1475926
1476354
1476741
1476611
1476072
1476280
1476248
1476821
1475608
1476716
1476141
1475947
1476391
1475283
1475656
1476139
1475472
1474937
1474436
1475899
1476035
1475455
1475246
1476535
1478015
1475136
1476800
1476344
1474145
1475515
1476604
1476231
1476507
1477927
1476178
1476414
1477295
1474981
1475571
1476776
1476958
1475476
1477455
1476983
1476844
1476995
1476087
1476486
1476601
1476580
1475361
1475551
1475314
1476225
1475586
1476431
1475985
1476993
1476524
1474198
1475218
1475135
1475363
1476554
1475339
1475176
1474987
1477567
1475207
1476490
1476861
1476073
1476083
1475710
1475736
1475759
1476054
1475809
1476388
1475884
1476330
1475637
1476829
1475225
1475175
1476051
1474590
1478113
1475310
1477308
1476887
1475405
1476644
1476714
1475853
1476334
1475174
1475793
1476660
1475894
1474681
1476162
1475856
1476287
1476160
1476334
1477599
1475059
1477265
1475891
1476914
1475931
1475672
1476307
1476669
1476267
1477432
1475957
1475740
1476395
1476603
1475245
1477383
1475496
1476483
1476248
1476678
1477223
1476523
1476157
1475655
1476282
1476181
1476106
1475867
1477561
1476385
1476706
1478063
1476775
1476135
1476976
1475453
1477215
1476124
1476312
1476556
1475196
1475406
1475703
1476162
1476554
1475703
1476322
1476670
1476375
1474777
1477063
1476121
1477225
1477006
1476538
1476361
1476645
1475171
1475923
1475169
1476576
1477139
1477160
1476469
1476794
1474986
1476402
1475906
1475813
1476394
1476431
1476278
1475587
1475702
1477190
1476553
1475988
1476260
1476230
1476519
1477590
1477717
1476189
1475680
1477325
1476570
1476253
1476590
1475610
1477619
1475980
1473799
1476776
1476202
1476178
1477226
1477240
1476603
1476925
1475709
1475226
1476590
1476426
1476453
1477155
1478133
1476616
1478243
1475642
1477634
1476715
1474953
1476772
1476756
1475652
1475539
1474825
1472923
1477252
1474819
1475391
1475963
1475630
1476003
1475999
1475684
1476093
1476136
1474858
1473748
1475610
1475558
1477693
1476702
1477064
1476727
1476953
1476286
1476422
1474046
1476555
1476604
1476689
1474354
1477189
1475052
1476216
1476810
1476586
1475875
1474516
1475421
1477750
1476753
1476640
1476632
1475721
1475395
1476001
1477203
1474997
1474566
1477232
1475363
1477013
1476300
1476044
1475441
1476824
1476909
1477468
1475695
1475368
1475039
1474962
1475809
1476373
1475902
1475811
1476614
1476332
1475793
1475310
1476917
1476919
1476067
1476818
1476414
1476459
1476909
1476724
1474275
1475951
1476153
1475277
1476186
1474272
1476723
1475975
1475954
1476639
1475736
1476382
1477636
1474789
1477134
1475851
1475291
1475414
1475602
1476779
1478088
1476099
1477114
1476113
1476178
1476539
1476107
1474173
1476020
1475987
1475289
1475227
1476076
1475546
1476405
1476422
1476299
1474806
1476740
1475765
1476645
1477983
1475818
1476373
1476513
1474570
1475033
1474817
1476277
1476453
1475921
1477538
1476921
1475678
1476286
1476115
1475655
1475851
1476224
1474293
1474922
1476605
1476691
1476990
1475813
1476728
1474512
1476982
1474366
1477070
1477039
1474841
1476678
1475764
1476569
1478306
1474314
1475980
1475854
1474981
1475147
1475776
1476872
1475964
1476156
1475941
1475423
1475342
1477680
1478096
1477327
1475614
1476059
1475806
1475896
1477344
1475559
1476399
1474678
1476220
1475253
1475712
1476595
1476142
1475117
1477001
1475807
1476715
1476157
1475489
1476610
1478122
1475613
1476592
1476419
1476043
1475539
1474198
1477523
1476217
1473691
1477293
1477420
1477741
1475497
1476117
1474957
1476272
1473586
1475213
1475332
1476862
1477062
1476059
1476958
1476761
1473768
1477813
1476339
1476306
1476198
1475287
1478078
1475463
1475623
1477052
1476217
1476003
1477732
1475732
1477102
1473876
1478158
1475955
1476029
1476643
1476762
1475598
1477994
1474282
1476668
1477016
1475325
1474729
1476338
1476644
1476596
1475202
1475898
1475418
1474554
1477336
1475873
1476431
1475975
1476626
1476699
1476175
1476505
1477132
1474381
1475711
1475170
1474433
1476853
1475641
1476311
1476228
1475726
1476112
1476040
1476521
1475415
1475870
1475593
1477122
1477095
1476082
1474891
1475401
1477080
1474952
1476797
1476359
1474678
1476776
1476969
1475886
1475980
1475760
1475863
1475929
1476980
1475588
1475990
1477098
1475535
1474419
1476836
1477621
1477604
1475862
1476448
1476340
1477021
1475222
1477626
1475550
1477189
1475542
1476680
1474800
1477131
1476822
1475751
1475465
1476984
1477341
1475356
1476977
1476074
1476368
1477231
1476630
1475017
1475934
1476720
1475565
1475996
1475546
1475514
1477496
1475968
1476223
1475159
1475860
1475134
1477518
1476092
1474891
1475985
1475746
1476148
1476390
1476335
1475745
1476719
1475543
1475619
1476557
1475641
1475175
1475787
1475433
1475949
1476844
1477573
1475736
1477643
1475091
1474917
1476843
1476954
1475491
1476864
1476321
1475517
1474231
1475255
1476954
1475867
1476461
1476974
1476267
1475704
1474490
1476379
1476850
1475752
1476303
1476590
1477417
1474910
1476798
1476159
1475000
1476117
1475349
1476836
1476312
1477533
1475680
1476502
1476884
1475393
1475804
1475783
1477504
1475037
1476927
1477046
1476937
1475249
1474910
1477295
1475864
1477252
1476515
1474655
1475841
1476903
1474738
1475890
1477471
1477236
1478274
1475557
1476124
1476925
1476780
1474266
1476067
1476077
1476260
1476245
1475331
1475518
1476791
1477423
1476760
1477659
1475927
1476441
1477123
1475272
1476855
1477563
1475250
1476682
1476278
1475072
1476442
1477503
1474799
1475778
1476106
1477219
1476714
1476663
1476904
1475032
1475233
1476279
1474223
1477261
1477674
1477220
1475765
1478489
1475896
1476021
1478035
1477184
1475783
1477342
1476414
1474976
1476852
1476769
1475756
1475911
1476282
1476319
1476216
1476443
1477002
1474816
1475255
1474428
1475374
1476106
1477110
1476986
1477556
1477991
1475552
1475622
1475932
1476341
1476128
1475917
1475562
1475780
1475355
1477063
1476113
1475991
1475762
1476910
1476953
1475326
1476764
1476211
1475995
1475582
1474994
1477628
1476853
1476953
1476611
1475976
1475634
1475651
1476973
1476862
1475942
1475947
1475832
1477039
1478801
1476376
1476237
1475518
1475908
1477702
1474898
1476033
1477347
1475796
1476643
1475470
1476186
1476478
1474921
1475915
1476140
1475989
1475048
1475041
1477044
1476884
1476198
1475689
1474874
1474989
1475477
1476312
1475931
1476179
1475950
1475076
1476426
1476245
1476078
1476652
1476244
1476444
1476404
1476636
1475797
1478072
1477396
1476944
1475554
1475653
1475689
1474612
1476576
1475926
1475204
1474530
1476306
1475777
1476255
1475873
1475538
1475987
1476063
1475991
1475651
1475789
1475291
1476334
1475816
1477168
1476777
1475937
1477078
1476444
1476050
1476021
1474295
1477503
1476389
1478220
1477485
1476292
1476036
1476480
1476617
1476277
1477024
1475413
1473709
1476266
1475717
1476224
1477169
1475703
1476971
1475460
1476259
1476785
1476552
1475141
1476592
1476893
1476367
1476720
1476050
1476258
1475545
1476444
1475522
1476296
1476669
1477671
1476976
1477123
1474957
1475664
1476221
1476026
1476384
1476275
1476412
1474757
1475413
1475185
1475844
1475660
1477472
1476180
1477170
1476483
1475804
1475618
1477104
1474876
1475734
1476689
1475066
1476601
1476967
1477379
1475341
1475446
1477717
1477585
1475873
1476770
1473725
1476276
1475865
1475359
1476111
1476142
1477508
1476289
1475875
1475472
1477370
1476491
1475009
1477473
1476213
1477261
1476153
1476201
1475732
1476952
1477242
1475817
1475510
1474769
1476228
1474686
1476399
1476627
1477113
1474640
1477299
1476988
1476397
1477693
1477141
1476580
1477664
1476970
1475918
1477320
1477073
1475836
1476300
1475811
1477018
1476822
1476464
1475960
1475998
1476933
1477076
1475907
1476051
1475585
1475255
1476657
1476601
1476284
1476737
1474473
1475145
1476881
1476720
1478170
1477323
1476269
1475344
1475385
1475993
1476744
1474992
1476467
1475654
1477270
1475603
1476934
1475528
1476711
1475924
1474931
1475543
1475793
1477548
1475591
1476548
1476244
1477960
1476479
1475224
1475298
1477393
1477427
1477352
1476968
1476559
1476513
1476868
1475407
1476406
1475621
1476417
1475804
1475300
1476183
1475999
1476254
1475238
1476330
1475060
1475364
1475158
1475875
1476051
1476771
1476557
1476719
1476377
1475567
1476926
1475772
1474519
1475630
1476609
1474971
1475099
1475308
1475145
1475323
1476161
1474560
1476983
1475603
1476227
1476356
1475804
1476117
1475586
1476364
1475770
1476450
1476336
1477481
1475639
1475349
1476449
1477158
1477911
1475759
1475788
1477058
1477544
1477234
1476279
1475401
1474097
1476702
1476674
1477483
1477133
1476505
1476052
1476735
1476414
1474353
1474647
1476789
1476161
1475789
1477784
1475929
1476459
1476251
1476363
1477270
1476307
1475614
1476030
1477755
1478043
1474644
1476252
1476632
1475956
1474536
1476268
1474359
1476866
1475494
1476547
1476301
1477751
1476845
1476612
1476316
1476989
1476282
1475695
1476165
1475936
1475581
1477298
1474958
1475073
1477017
1475959
1476688
1476647
1477313
1476590
1474964
1474205
1475002
1474523
1475641
1476327
1474725
1476009
1474793
1475630
1475680
1475806
1475255
1474784
1476408
1476636
1474788
1475950
1477122
1476750
1476465
1476597
1475913
1474863
1476135
1476850
1475685
1475774
1476852
1476032
1477387
1475399
1476676
1476413
1476939
1476360
1474771
1475703
1477010
1476798
1476085
1476887
1476557
1476134
1476858
1475494
1476347
1476265
1475431
1474642
1476081
1476812
1477562
1475652
1475033
1476186
1476670
1477129
1475505
1476159
1475628
1477702
1476614
1476496
1474933
1476911
1476617
1475845
1474955
1476177
1476809
1475970
1476456
1477363
1476138
1475117
1476818
1476170
1477553
1475817
1475508
1474862
1475898
1476585
1476515
1476850
1476582
1476725
1477197
1475192
1476194
1476698
1475703
1475489
1478098
1475476
1475793
1476795
1477494
1476964
1476125
1476355
1477497
1477125
1475984
1475442
1476454
1475565
1476851
1475749
1476169
1477186
1476790
1476340
1477195
1475971
1477400
1474839
1474340
1476722
1477463
1475058
1475686
1475362
1476117
1477136
1477682
1477723
1476104
1477029
1475301
1477114
1475133
1477730
1476581
1476769
1476277
1475713
1475653
1476033
1477019
1476856
1475093
1476436
1475181
1475544
1475665
1475885
1478002
1476063
1476509
1476099
1477529
1476262
1476096
1476017
1477149
1475418
1475498
1475809
1476039
1475842
1476428
1475559
1476446
1476365
1478007
1476048
1475875
1477140
1474798
1475443
1474795
1476645
1478117
1476401
1474825
1476486
1475497
1476589
1477551
1474271
1475751
1476978
1476116
1475013
1474952
1475575
1475567
1477233
1476495
1475731
1476609
1475832
1475792
1475244
1477005
1474770
1475749
1476635
1476158
1475813
1475896
1476703
1475507
1475356
1475494
1474359
1475696
1477078
1477661
1476818
1476633
1474363
1474922
1475911
1476074
1477510
1477365
1476603
1476434
1476689
1477310
1475269
1476568
1476670
1476065
1475580
1475569
1475111
1477194
1477420
1476208
1476316
1476485
1477335
1474478
1475882
1475348
1476917
1476238
1476195
1474918
1475420
1475667
1477032
1476840
1474299
1477396
1476706
1476504
1474722
1474995
1477070
1477609
1475562
1475681
1477500
1475506
1476276
1475308
1476134
1474672
1475457
1475630
1477126
1477416
1477036
1476272
1473696
1476287
1475947
1477806
1476517
1476029
1476819
1475939
1475495
1476296
1476913
1476650
1475688
1476343
1476805
1475632
1475959
1477004
1474924
1476045
1477888
1475235
1474846
1476727
1477645
1475189
1476588
1475907
1475113
1477120
1477813
1475790
1476613
1475094
1476539
1476005
1476817
1476813
1478410
1476923
1477310
1474225
1477630
1476086
1476250
1476376
1475089
1477111
1475839
1476333
1476871
1477878
1477909
1476360
1476071
1475474
1475153
1476530
1476746
1476843
1475797
1476882
1477766
1475960
1475486
1475732
1476890
1475471
1475410
1477502
1476834
1475343
1477126
1476156
1476219
1476856
1476636
1477359
1477510
1474193
1476038
1475367
1475781
1475440
1476471
1477712
1477071
1477410
1475158
1476565
1475447
1475988
1477447
1476543
1476506
1475349
1476329
1473642
1476155
1475260
1476369
1476929
1477521
1476064
1475335
1476060
1476154
1475599
1474722
1477278
1475111
1475964
1477763
1475870
1476804
1476317
1475961
1476241
1476798
1477507
1475505
1477537
1474793
1476622
1475582
1477916
1476867
1475257
1475550
1475911
1475700
1476468
1475962
1474677
1474974
1475744
1477326
1476431
1477178
1475392
1474321
1477094
1477348
1475675
1476304
1475928
1476385
1476813
1477033
1476503
1475034
1475382
1477350
1477624
1477714
1475179
1475864
1476477
1475759
1476938
1476105
1476406
1476861
1476991
1477223
1475889
1476834
1475209
1476519
1476744
1476478
1474185
1476127
1475713
1474463
1477117
1475616
1476000
1476041
1476982
1477375
1474948
1476132
1475948
1475902
1475729
1475108
1474702
1476496
1476859
1476371
1477985
1477376
1475012
1476035
1476830
1478073
1476653
1476454
1476230
1475821
1477392
1475905
1475976
1475403
1476190
1474035
1475973
1476709
1477098
1477457
1476135
1476398
1475512
1478351
1476073
1477038
1476950
1476569
1475870
1475749
1476919
1476318
1477051
1476663
1476900
1476982
1476727
1476263
1475229
1477651
1476165
1475756
1476968
1476779
1474593
1474704
1477477
1474949
1476537
1475518
1476418
1476020
1476713
1477743
1475522
1478264
1475550
1476121
1475574
1476072
1473824
1477479
1475886
1475864
1476764
1476450
1476298
1477789
1475490
1476168
1476424
1475451
1476330
1476088
1474904
1475805
1476242
1476322
1478023
1477070
1475549
1476332
1476051
1476780
1477437
1475002
1474960
1476935
1476183
1476718
1477945
1476848
1475214
1478795
1476880
1476537
1477975
1476454
1476177
1475552
1475596
1475606
1473549
1475815
1477031
1475039
1476156
1476758
1477308
1475288
1476318
1475531
1477054
1475304
1476244
1476518
1476372
1477688
1474425
1475746
1475762
1477362
1475331
1477367
1476131
1475330
1476582
1474858
1475559
1474887
1476546
1474955
1476278
1475031
1476923
1476905
1475187
1476981
1475868
1475820
1475856
1476393
1475844
1476463
1476476
1475969
1478608
1476791
1476329
1476580
1476177
1475440
1477256
1475559
1473984
1477013
1475871
1476330
1475325
1476843
1475594
1475459
1476237
1475276
1475845
1476908
1474471
1476688
1476405
1475477
1475076
1475904
1476737
1476176
1476733
1475498
1476846
1476983
1474782
1476969
1476961
1475808
1476600
1475064
1475654
1476879
1476569
1476895
1475525
1477275
1476873
1476606
1476258
1477812
1476309
1476186
1478026
1476203
1474744
1476041
1475838
1475447
1475842
1475816
1476202
1476688
1475588
1474974
1475812
1475746
1475070
1476427
1476438
1476579
1476540
1476176
1476340
1476024
1476055
1476337
1476406
1476526
1477039
1476483
1475909
1476307
1475140
1475466
1475953
1476153
1476428
1475805
1477250
1473581
1476066
1477140
1476092
1475325
1474156
1476659
1475127
1477100
1476671
1476634
1475864
1477240
1476495
1476672
1478910
1475747
1475931
1475180
1475621
1475774
1477042
1476326
1476133
1475442
1476350
1476098
1474599
1476147
1476164
1477007
1476389
1476977
1477300
1476254
1476636
1474753
1475264
1477389
1477085
1477986
1476628
1474582
1476231
1476653
1476469
1476383
1473977
1475719
1476411
1476731
1476811
1474267
1476545
1474485
1475489
1475840
1475765
1476168
1475783
1476302
1476632
1476547
1478020
1476176
1476397
1476748
1476279
1476556
1475842
1475121
1475739
1476899
1476858
1477530
1476448
1476736
1474962
1475353
1475605
1475621
1477795
1476143
1475311
1474878
1477462
1475973
1477984
1475511
1476253
1476454
1476645
1477467
1474746
1476478
1476445
1476435
1476285
1475833
1475738
1477577
1478083
1475423
1475914
1475034
1477340
1474925
1476435
1476242
1476728
1475829
1476055
1475937
1477032
1475919
1476432
1475638
1476104
1476693
1477347
1476627
1475270
1477283
1475584
1476944
1477045
1475222
1476459
1475330
1477622
1476610
1476745
1476172
1475915
1474468
1475614
1475328
1474870
1476301
1476112
1476941
1476388
1475557
1475964
1476148
1475313
1476817
1473537
1477338
1476402
1476715
1475361
1476087
1475366
1476486
1475483
1475531
1477399
1475907
1475892
1476136
1476765
1476545
1475633
1476644
1476507
1475537
1477505
1474391
1475133
1476247
1477241
1476176
1477470
1475423
1476029
1477237
1476712
1476336
1474500
1477939
1476454
1476674
1475729
1474726
1473844
1476700
1475355
1475284
1476392
1475801
1476972
1475324
1476886
1474962
1475482
1476128
1475845
1475640
1477045
1477185
1475898
1475787
1478092
1475463
1475869
1476281
1477194
1476073
1475172
1476018
1476394
1475279
1477310
1475729
1475997
1475641
1476360
1475957
1475668
1476005
1475262
1475372
1477116
1475447
1476549
1477192
1476883
1476256
1476275
1474797
1475835
1475958
1477014
1475546
1474242
1475243
1477444
1475487
1476510
1475242
1473782
1476710
1478600
1475207
1475552
1476299
1476621
1476006
1474861
1475408
1476386
1476399
1477131
1477743
1478028
1476589
1474858
1475494
1475869
1476115
1475089
1475838
1476576
1475879
1475102
1476863
1475642
1476879
1475970
1476751
1475908
1477735
1475720
1475477
1476850
1476747
1475188
1475618
1477151
1475685
1476446
1475904
1474798
1475282
1476211
1476503
1476511
1477361
1475441
1476743
1476446
1475766
1476286
1475228
1475699
1477036
1475326
1476627
1476138
1475660
1476698
1476897
1476300
1476230
1476100
1476043
1474746
1476294
1476291
1475375
1476980
1474906
1475450
1476583
1476546
1475940
1474775
1475034
1477171
1476312
1476186
1475982
1475321
1476290
1476078
1476136
1475034
1475934
1474570
1475478
1474379
1476471
1476307
1476288
1477397
1475768
1475353
1475380
1474403
1476040
1475128
1475878
1475205
1475278
1475512
1476769
1477454
1476355
1476410
1476785
1476422
1476620
1475702
1475231
1476523
1476370
1476471
1476365
1474857
1476547
1476799
1476321
1476137
1476308
1475582
1476238
1477205
1475288
1475815
1473770
1475398
1477060
1476023
1475768
1477303
1475218
1475154
1476007
1476371
1476717
1476499
1477428
1477593
1476797
1475133
1475633
1476266
1475455
1476056
1476271
1478144
1476203
1477591
1476982
1476350
1476632
1475770
1476196
1478601
1475933
1476664
1477684
1474678
1476706
1476553
1475688
1475726
1475007
1475398
1474728
1477247
1475586
1476873
1476693
1474912
1477063
1476067
1474960
1475521
1474824
1476970
1476077
1476659
1475402
1475198
1475743
1476925
1477016
1474445
1476959
1475226
1475463
1476760
1475028
1476138
1475486
1476798
1476199
1477312
1474573
1473956
1475787
1475470
1477389
1475502
1477440
1477092
1475816
1477462
1476316
1475959
1476104
1475995
1476543
1477583
1476587
1475822
1477243
1476440
1475557
1474976
1476432
1476173
1477168
1475765
1478671
1476247
1477268
1476288
1475107
1476485
1475857
1477849
1475700
1476293
1475112
1476476
1475985
1476180
1475535
1476634
1475544
1476087
1475736
1476385
1476310
1475187
1476450
1477395
1475498
1476720
1475932
1476292
1475722
1477367
1476520
1476958
1475871
1475935
1475505
1475805
1476751
1475679
1477601
1476036
1474866
1474832
1476654
1475931
1476347
1476831
1475392
1476342
1477454
1476284
1475929
1476310
1476372
1477255
1475159
1476855
1475741
1475797
1476653
1475970
1476330
1474102
1477090
1475652
1474965
1476651
1476610
1473204
1477425
1475484
1475908
1477474
1475334
1475658
1476382
1475897
1474798
1475342
1475232
1476696
1476276
1475061
1475654
1475582
1475259
1475437
1475733
1475487
1475975
1477034
1476235
1475393
1477459
1476514
1475950
1477037
1476751
1476147
1476802
1476763
1475283
1475466
1476401
1475778
1476929
1475985
1477031
1476334
1474617
1476807
1476204
1476601
1476829
1475347
1477162
1476136
1474615
1475520
1476130
1476506
1475392
1476213
1475258
1475178
1476132
1475439
1475102
1476249
1478147
1474516
1476252
1477739
1477456
1476298
1475147
1475556
1476920
1475732
1475204
1474974
1477821
1475959
1474318
1478411
1477719
1476766
1475612
1476216
1476465
1477064
1477235
1476704
1476005
1477028
1476764
1476095
1475348
1476713
1475086
1476336
1476507
1475929
1476038
1476476
1475640
1474433
1477903
1476073
1476197
1476311
1474071
1477510
1476435
1477424
1475686
1476606
1474419
1476078
1477160
1476129
1476386
1476753
1477741
1475879
1476008
1476333
1477211
1476376
1475149
1474778
1476892
1476074
1475354
1475777
1475948
1478027
1474593
1475573
1477118
1475983
1477163
1474818
1474642
1477775
1475358
1476327
1475726
1477342
1477509
1475582
1474955
1475401
1475951
1474904
1474891
1476002
1476607
1475912
1475115
1475294
1474675
1476447
1475131
1477120
1477539
1476040
1476203
1476838
1476485
1477200
1477288
1477789
1477993
1475607
1476197
1476605
1475548
1475726
1477805
1476815
1474914
1476822
1475694
1476298
1474662
1474828
1477212
1475247
1474362
1476015
1476378
1475129
1475798
1476439
1476854
1476190
1475894
1475355
1476191
1474532
1477491
1477429
1476507
1474210
1475463
1474811
1476076
1477251
1474951
1475715
1476564
1477022
1477399
1476368
1476642
1474797
1476589
1476091
1473762
1475880
1476042
1477046
1475795
1475386
1475241
1475337
1476875
1475526
1476567
1475809
1476233
1476445
1476983
1477488
1477187
1475982
1475126
1475577
1475885
1476130
1476337
1476556
1476261
1475937
1476604
1475614
1476307
1477156
1476656
1476681
1476281
1476578
1476590
1475355
1476842
1476793
1476333
1476113
1474913
1477372
1475255
1475150
1476241
1475213
1475931
1475403
1475930
1477136
1475513
1477306
1476987
1475742
1476206
1477149
1476546
1477605
1474306
1476687
1475801
1476127
1475937
1475870
1475230
1475168
1476167
1476716
1476588
1475272
1475552
1476947
1474206
1475245
1475300
1475558
1476495
1476788
1476735
1474868
1475839
1476074
1476155
1475826
1475813
1476190
1476906
1477130
1474791
1476553
1475871
1475828
1476855
1476433
1475406
1476150
1475945
1477794
1476332
1476238
1475191
1476399
1475865
1477035
1475292
1474940
1476847
1476393
1475988
1474974
1476354
1476840
1476713
1476095
1475061
1475844
1477350
1476683
1475981
1475892
1475765
1477459
1475683
1477348
1477012
1475862
1476770
1476264
1475099
1475281
1474794
1477264
1476567
1476206
1476017
1476545
1477166
1475776
1476691
1477252
1475543
1476394
1477654
1475384
1476253
1474369
1477270
1476842
1474962
1475018
1476090
1476663
1476552
1477414
1475885
1475513
1474913
1475367
1476191
1478030
1475866
1475536
1477354
1477002
1477537
1477513
1475546
1476114
1475961
1475710
1476212
1477673
1476109
1476037
1476795
1475337
1474373
1476210
1475544
1477206
1476599
1476133
1475627
1475662
1476336
1477234
1474949
1476041
1477427
1476646
1477314
1476257
1476453
1475235
1477175
1476849
1475649
1475438
1476226
1476897
1473612
1478177
1476542
1475201
1476464
1475206
1476163
1476446
1476015
1475337
1474884
1475994
1476114
1474832
1476884
1474789
1477691
1476059
1475079
1475476
1476350
1475052
1475069
1475463
1475810
1475503
1477184
1476345
1475910
1477504
1474970
1477648
1475314
1477073
1477238
1476296
1475176
1476940
1477430
1476032
1476892
1476019
1476270
1476254
1476498
1478054
1476236
1476252
1474006
1475974
1476730
1475565
1476534
1474719
1475600
1476813
1476092
1475523
1477290
1475818
1477230
1475695
1476400
1477132
1476825
1476673
1476313
1475897
1475880
1477968
1476515
1475060
1477405
1474712
1476289
1477252
1475102
1475653
1476515
1477952
1475803
1476227
1477055
1475875
1476731
1476890
1475398
1476084
1475871
1476918
1474484
1475298
1475969
1476489
1475943
1475261
1475671
1475824
1475746
1475441
1475763
1476051
1477462
1474771
1474944
1477369
1476997
1476833
1476930
1477488
1475679
1477401
1478684
1476087
1476469
1475848
1476097
1475689
1478521
1475944
1475422
1475561
1474130
1476643
1475586
1475385
1475527
1476217
1476349
1477639
1476406
1477460
1476213
1476962
1476841
1476539
1476464
1477332
1476496
1476238
1475251
1475644
1474967
1475452
1475664
1476284
1477915
1476764
1475540
1476769
1474280
1475420
1476443
1474429
1475804
1475109
1477254
1475926
1476503
1474956
1477172
1475118
1476277
1478035
1477131
1478279
1476854
1476658
1474942
1476521
1476417
1474496
1476830
1475964
1475734
1476758
1477528
1478433
1475789
1474872
1475992
1476765
1476987
1475865
1475519
1475436
1476761
1476868
1475076
1476279
1476400
1477122
1477038
1476934
1477400
1477116
1475997
1476498
1476899
1475878
1476024
1477756
1476655
1476811
1475326
1476148
1477033
1477618
1476730
1475793
1477212
1475837
1476526
1475841
1475462
1475319
1475663
1474144
1476179
1474571
1477384
1475198
1475558
1475685
1476296
1476131
1477196
1476763
1475616
1475733
1475594
1477240
1476144
1477177
1476856
1477219
1475088
1475766
1476280
1477699
1476197
1475482
1476972
1475159
1475882
1475597
1474857
1476461
1475882
1475414
1476107
1477162
1477330
1476647
1475783
1475390
1476721
1475846
1475770
1476428
1476238
1475725
1477456
1475995
1475192
1476304
1476469
1475036
1475816
1477537
1476726
1476178
1476261
1476696
1476586
1475678
1476482
1477769
1475830
1476257
1475527
1476466
1475616
1476934
1476883
1475985
1475913
1476094
1476347
1476940
1474935
1476390
1476374
1476713
1476157
1476548
1475397
1476032
1476040
1475026
1476725
1476149
1475914
1475380
1475059
1476241
1475918
1477134
1475547
1474024
1476803
1476126
1476588
1476484
1475965
1475057
1476477
1476749
1475438
1475210
1476235
1477299
1475533
1476304
1475843
1476073
1476081
1475130
1474774
1476782
1476523
1475874
1474941
1476671
1476931
1476845
1477126
1476502
1475800
1476654
1475902
1476119
1475657
1475222
1478085
1477267
1475888
1476610
1475046
1477546
1475277
1475013
1475439
1476518
1476363
1475816
1476885
1477518
1476124
1475222
1477220
1475800
1475354
1476226
1474937
1475804
1475314
1476405
1478170
1475144
1475281
1477781
1476155
1475960
1474888
1475558
1475553
1476105
1476492
1476283
1476612
1476787
1477206
1476468
1475948
1476047
1476188
1474501
1476674
1476216
1476525
1476103
1475073
1476809
1475977
1475776
1476430
1475935
1475014
1476977
1477831
1476143
1476294
1475127
1475448
1477196
1476859
1475302
1476007
1476698
1474685
1476065
1477229
1475793
1476613
1475591
1477342
1475481
1476776
1477359
1477045
1475453
1475990
1476370
1476268
1476097
1475989
1477161
1475785
1475587
1475593
1476594
1476704
1475253
1476948
1476313
1477491
1476436
1474307
1476924
1476190
1477259
1475837
1475648
1474995
1476124
1475801
1476887
1476202
1475500
1475706
1475357
1476074
1475812
1476012
1475408
1477113
1475250
1475424
1477353
1476940
1475232
1474358
1477299
1474643
1476495
1474523
1475759
1475994
1476107
1475989
1476777
1474486
1475349
1476854
1476513
1476678
1476980
1475240
1477073
1475419
1475770
1477421
1475221
1476618
1475884
1475783
1476996
1477095
1475971
1476235
1475893
1475677
1476316
1477939
1476711
1474376
1475457
1477628
1474922
1475617
1475586
1476297
1478227
1476245
1476713
1476126
1476353
1476241
1477390
1474076
1476541
1476373
1477329
1476098
1473317
1477469
1477072
1476584
1476322
1475285
1476135
1476468
1477532
1476689
1476912
1475789
1476140
1476066
1475923
1475964
1477266
1475977
1477336
1476154
1476977
1476426
1476189
1476870
1476320
1476288
1477393
1473473
1477237
1475422
1476254
1476310
1476376
1475517
1476550
1475001
1475910
1476816
1476475
1474940
1477243
1475912
1477975
1476954
1476059
1475674
1475840
1476754
1476489
1476767
1474524
1475229
1475651
1475870
1476080
1474000
1477139
1475429
1476093
1476079
1476526
1476751
1476883
1476332
1476067
1476252
1478142
1474567
1476402
1476123
1476917
1476151
1476703
1475580
1475430
1476276
1477307
1475948
1476053
1476112
1477241
1475477
1475972
1476365
1475656
1475274
1476074
1477678
1477342
1477427
1475362
1476398
1476971
1476359
1476877
1476957
1476626
1476468
1476478
1475870
1475862
1475108
1476402
1474873
1475962
1475853
1476225
1475933
1477440
1475874
1476184
1476630
1477040
1476330
1476391
1476577
1475952
1476518
1477823
1475110
1475329
1476539
1475243
1476824
1475201
1476304
1475416
1474684
1476296
1475107
1477670
1475399
1476574
1477075
1476419
1476568
1475924
1475123
1475353
1477319
1477252
1475823
1476541
1476406
1476085
1475696
1476286
1476576
1476787
1475633
1475544
1476990
1476592
1476424
1476031
1474874
1476042
1475639
1475155
1476255
1475036
1477421
1475498
1476368
1477131
1473980
1476118
1475599
1475755
1476749
1476689
1475797
1475185
1477486
1477646
1474907
1474769
1476474
1475922
1476237
1475795
1475250
1475294
1476376
1476590
1475531
1475550
1476254
1476864
1475087
1474626
1475438
1475703
1476778
1477149
1475655
1475882
1475971
1475730
1476218
1476278
1475734
1475210
1476451
1475111
1477468
1477191
1477659
1476683
1475260
1475688
1475941
1475473
1476305
1474731
1475715
1475330
1475140
1478306
1476208
1475400
1477151
1475841
1475103
1477095
1476873
1476708
1475397
1477315
1476068
1475819
1476105
1475688
1476861
1475902
1476121
1476304
1475302
1475791
1476771
1475956
1476464
1476493
1476875
1475265
1474316
1475917
1476697
1475505
1476268
1476479
1475085
1476327
1475708
1475245
1477002
1476991
1477286
1476801
1475154
1476616
1475337
1473968
1475074
1475933
1475508
1475440
1477129
1474084
1475104
1474590
1474763
1476384
1476641
1475064
1475057
1474916
1475853
1476573
1477293
1478560
1476583
1477249
1475252
1476545
1476494
1474207
1477873
1475529
1477667
1474896
1475526
1477739
1476624
1475499
1476178
1475347
1477099
1476086
1475792
1476103
1475714
1475232
1477256
1476815
1476328
1475593
1475835
1476976
1475370
1476888
1475444
1474281
1476563
1476505
1475581
1476288
1474341
1476562
1475528
1475668
1476722
1476994
1475914
1476872
1476289
1474945
1475309
1476654
1475534
1475877
1477367
1476731
1475822
1476707
1476319
1476327
1476502
1476224
1477136
1476983
1475893
1476227
1476824
1477520
1476399
1474300
1478047
1476557
1475672
1476286
1474892
1477017
1476008
1476951
1476439
1475472
1476881
1476031
1475650
1475919
1475518
1476133
1475341
1475845
1474022
1475797
1474962
1475327
1475417
1477551
1475414
1475758
1474890
1476118
1475434
1476849
1475275
1476478
1475487
1476316
1478779
1477433
1476855
1476706
1475546
1477056
1475188
1475797
1475401
1474992
1474492
1476486
1474949
1477041
1476454
1476365
1475142
1476822
1474661
1475795
1477286
1475846
1474810
1477531
1476523
1476448
1476184
1476316
1476582
1477685
1475491
1476417
1476500
1475887
1475837
1474948
1476313
1475709
1475483
1476660
1476984
1475538
1476553
1475760
1475444
1475678
1474402
1476009
1476493
1477027
1475069
1475559
1475030
1475718
1476993
1475462
1476287
1475883
1476615
1474665
1475466
1476204
1474596
1476838
1476949
1476612
1475604
1476393
1476863
1476355
1475872
1476481
1476140
1474960
1476168
1475048
1475272
1476727
1475806
1476713
1476827
1475646
1477210
1479150
1476676
1476107
1475417
1474786
1476421
1475550
1475537
1475917
1477121
1476516
1476732
1476070
1474806
1476195
1477296
1475574
1476718
1475428
1477090
1476222
1474282
Best result: 1479259
